10000000100000001000000010000000100000001000000010000000100000000000000000000000000000000000000000000000000000000000000000000000
10000000100000001000000010000000100000001000000010000000100000001000000000000000000000000000000000000000000000000000000000000000
10000000100000001000000010000000100000001000000010000000100000001000000010000000000000000000000000000000000000000000000000000000
10000000100000001000000010000000100000001000000010000000100000001000000010000000100000000000000000000000000000000000000000000000
10000000100000001000000010000000100000001000000010000000100000001000000010000000100000001000000000000000000000000000000000000000
10000000100000001000000010000000100000001000000010000000100000001000000010000000100000001000000010000000000000000000000000000000
10000000100000001000000010000000100000001000000010000000100000001000000010000000100000001000000010000000100000000000000000000000
10000000100000001000000010000000100000001000000010000000100000001000000010000000100000001000000010000000100000001000000000000000
10000000100000001000000010000000100000001000000010000000100000001000000010000000100000001000000010000000100000001000000010000000
01000000100000001000000010000000100000001000000010000000100000001000000010000000100000001000000010000000100000001000000010000000
01000000010000001000000010000000100000001000000010000000100000001000000010000000100000001000000010000000100000001000000010000000
01000000010000000100000010000000100000001000000010000000100000001000000010000000100000001000000010000000100000001000000010000000
01000000010000000100000001000000100000001000000010000000100000001000000010000000100000001000000010000000100000001000000010000000
01000000010000000100000001000000010000001000000010000000100000001000000010000000100000001000000010000000100000001000000010000000
01000000010000000100000001000000010000000100000010000000100000001000000010000000100000001000000010000000100000001000000010000000
01000000010000000100000001000000010000000100000001000000100000001000000010000000100000001000000010000000100000001000000010000000
01000000010000000100000001000000010000000100000001000000010000001000000010000000100000001000000010000000100000001000000010000000
01000000010000000100000001000000010000000100000001000000010000000100000010000000100000001000000010000000100000001000000010000000
01000000010000000100000001000000010000000100000001000000010000000100000001000000100000001000000010000000100000001000000010000000
01000000010000000100000001000000010000000100000001000000010000000100000001000000010000001000000010000000100000001000000010000000
01000000010000000100000001000000010000000100000001000000010000000100000001000000010000000100000010000000100000001000000010000000
01000000010000000100000001000000010000000100000001000000010000000100000001000000010000000100000001000000100000001000000010000000
01000000010000000100000001000000010000000100000001000000010000000100000001000000010000000100000001000000010000001000000010000000
01000000010000000100000001000000010000000100000001000000010000000100000001000000010000000100000001000000010000000100000010000000
01000000010000000100000001000000010000000100000001000000010000000100000001000000010000000100000001000000010000000100000001000000
00100000010000000100000001000000010000000100000001000000010000000100000001000000010000000100000001000000010000000100000001000000
00100000001000000100000001000000010000000100000001000000010000000100000001000000010000000100000001000000010000000100000001000000
00100000001000000010000001000000010000000100000001000000010000000100000001000000010000000100000001000000010000000100000001000000
00100000001000000010000000100000010000000100000001000000010000000100000001000000010000000100000001000000010000000100000001000000
00100000001000000010000000100000001000000100000001000000010000000100000001000000010000000100000001000000010000000100000001000000
00100000001000000010000000100000001000000010000001000000010000000100000001000000010000000100000001000000010000000100000001000000
00100000001000000010000000100000001000000010000000100000010000000100000001000000010000000100000001000000010000000100000001000000
00100000001000000010000000100000001000000010000000100000001000000100000001000000010000000100000001000000010000000100000001000000
00100000001000000010000000100000001000000010000000100000001000000010000001000000010000000100000001000000010000000100000001000000
00100000001000000010000000100000001000000010000000100000001000000010000000100000010000000100000001000000010000000100000001000000
00100000001000000010000000100000001000000010000000100000001000000010000000100000001000000100000001000000010000000100000001000000
00100000001000000010000000100000001000000010000000100000001000000010000000100000001000000010000001000000010000000100000001000000
00100000001000000010000000100000001000000010000000100000001000000010000000100000001000000010000000100000010000000100000001000000
00100000001000000010000000100000001000000010000000100000001000000010000000100000001000000010000000100000001000000100000001000000
00100000001000000010000000100000001000000010000000100000001000000010000000100000001000000010000000100000001000000010000001000000
00100000001000000010000000100000001000000010000000100000001000000010000000100000001000000010000000100000001000000010000000100000
00010000001000000010000000100000001000000010000000100000001000000010000000100000001000000010000000100000001000000010000000100000
00010000000100000010000000100000001000000010000000100000001000000010000000100000001000000010000000100000001000000010000000100000
00010000000100000001000000100000001000000010000000100000001000000010000000100000001000000010000000100000001000000010000000100000
00010000000100000001000000010000001000000010000000100000001000000010000000100000001000000010000000100000001000000010000000100000
00010000000100000001000000010000000100000010000000100000001000000010000000100000001000000010000000100000001000000010000000100000
00010000000100000001000000010000000100000001000000100000001000000010000000100000001000000010000000100000001000000010000000100000
00010000000100000001000000010000000100000001000000010000001000000010000000100000001000000010000000100000001000000010000000100000
00010000000100000001000000010000000100000001000000010000000100000010000000100000001000000010000000100000001000000010000000100000
00010000000100000001000000010000000100000001000000010000000100000001000000100000001000000010000000100000001000000010000000100000
00010000000100000001000000010000000100000001000000010000000100000001000000010000001000000010000000100000001000000010000000100000
00010000000100000001000000010000000100000001000000010000000100000001000000010000000100000010000000100000001000000010000000100000
00010000000100000001000000010000000100000001000000010000000100000001000000010000000100000001000000100000001000000010000000100000
00010000000100000001000000010000000100000001000000010000000100000001000000010000000100000001000000010000001000000010000000100000
00010000000100000001000000010000000100000001000000010000000100000001000000010000000100000001000000010000000100000010000000100000
00010000000100000001000000010000000100000001000000010000000100000001000000010000000100000001000000010000000100000001000000100000
00010000000100000001000000010000000100000001000000010000000100000001000000010000000100000001000000010000000100000001000000010000
00001000000100000001000000010000000100000001000000010000000100000001000000010000000100000001000000010000000100000001000000010000
00001000000010000001000000010000000100000001000000010000000100000001000000010000000100000001000000010000000100000001000000010000
00001000000010000000100000010000000100000001000000010000000100000001000000010000000100000001000000010000000100000001000000010000
00001000000010000000100000001000000100000001000000010000000100000001000000010000000100000001000000010000000100000001000000010000
00001000000010000000100000001000000010000001000000010000000100000001000000010000000100000001000000010000000100000001000000010000
00001000000010000000100000001000000010000000100000010000000100000001000000010000000100000001000000010000000100000001000000010000
00001000000010000000100000001000000010000000100000001000000100000001000000010000000100000001000000010000000100000001000000010000
00001000000010000000100000001000000010000000100000001000000010000001000000010000000100000001000000010000000100000001000000010000
00001000000010000000100000001000000010000000100000001000000010000000100000010000000100000001000000010000000100000001000000010000
00001000000010000000100000001000000010000000100000001000000010000000100000001000000100000001000000010000000100000001000000010000
00001000000010000000100000001000000010000000100000001000000010000000100000001000000010000001000000010000000100000001000000010000
00001000000010000000100000001000000010000000100000001000000010000000100000001000000010000000100000010000000100000001000000010000
00001000000010000000100000001000000010000000100000001000000010000000100000001000000010000000100000001000000100000001000000010000
00001000000010000000100000001000000010000000100000001000000010000000100000001000000010000000100000001000000010000001000000010000
00001000000010000000100000001000000010000000100000001000000010000000100000001000000010000000100000001000000010000000100000010000
00001000000010000000100000001000000010000000100000001000000010000000100000001000000010000000100000001000000010000000100000001000
00000100000010000000100000001000000010000000100000001000000010000000100000001000000010000000100000001000000010000000100000001000
00000100000001000000100000001000000010000000100000001000000010000000100000001000000010000000100000001000000010000000100000001000
00000100000001000000010000001000000010000000100000001000000010000000100000001000000010000000100000001000000010000000100000001000
00000100000001000000010000000100000010000000100000001000000010000000100000001000000010000000100000001000000010000000100000001000
00000100000001000000010000000100000001000000100000001000000010000000100000001000000010000000100000001000000010000000100000001000
00000100000001000000010000000100000001000000010000001000000010000000100000001000000010000000100000001000000010000000100000001000
00000100000001000000010000000100000001000000010000000100000010000000100000001000000010000000100000001000000010000000100000001000
00000100000001000000010000000100000001000000010000000100000001000000100000001000000010000000100000001000000010000000100000001000
00000100000001000000010000000100000001000000010000000100000001000000010000001000000010000000100000001000000010000000100000001000
00000100000001000000010000000100000001000000010000000100000001000000010000000100000010000000100000001000000010000000100000001000
00000100000001000000010000000100000001000000010000000100000001000000010000000100000001000000100000001000000010000000100000001000
00000100000001000000010000000100000001000000010000000100000001000000010000000100000001000000010000001000000010000000100000001000
00000100000001000000010000000100000001000000010000000100000001000000010000000100000001000000010000000100000010000000100000001000
00000100000001000000010000000100000001000000010000000100000001000000010000000100000001000000010000000100000001000000100000001000
00000100000001000000010000000100000001000000010000000100000001000000010000000100000001000000010000000100000001000000010000001000
00000100000001000000010000000100000001000000010000000100000001000000010000000100000001000000010000000100000001000000010000000100
00000010000001000000010000000100000001000000010000000100000001000000010000000100000001000000010000000100000001000000010000000100
00000010000000100000010000000100000001000000010000000100000001000000010000000100000001000000010000000100000001000000010000000100
00000010000000100000001000000100000001000000010000000100000001000000010000000100000001000000010000000100000001000000010000000100
00000010000000100000001000000010000001000000010000000100000001000000010000000100000001000000010000000100000001000000010000000100
00000010000000100000001000000010000000100000010000000100000001000000010000000100000001000000010000000100000001000000010000000100
00000010000000100000001000000010000000100000001000000100000001000000010000000100000001000000010000000100000001000000010000000100
00000010000000100000001000000010000000100000001000000010000001000000010000000100000001000000010000000100000001000000010000000100
00000010000000100000001000000010000000100000001000000010000000100000010000000100000001000000010000000100000001000000010000000100
00000010000000100000001000000010000000100000001000000010000000100000001000000100000001000000010000000100000001000000010000000100
00000010000000100000001000000010000000100000001000000010000000100000001000000010000001000000010000000100000001000000010000000100
00000010000000100000001000000010000000100000001000000010000000100000001000000010000000100000010000000100000001000000010000000100
00000010000000100000001000000010000000100000001000000010000000100000001000000010000000100000001000000100000001000000010000000100
00000010000000100000001000000010000000100000001000000010000000100000001000000010000000100000001000000010000001000000010000000100
00000010000000100000001000000010000000100000001000000010000000100000001000000010000000100000001000000010000000100000010000000100
00000010000000100000001000000010000000100000001000000010000000100000001000000010000000100000001000000010000000100000001000000100
00000010000000100000001000000010000000100000001000000010000000100000001000000010000000100000001000000010000000100000001000000010
00000001000000100000001000000010000000100000001000000010000000100000001000000010000000100000001000000010000000100000001000000010
00000001000000010000001000000010000000100000001000000010000000100000001000000010000000100000001000000010000000100000001000000010
00000001000000010000000100000010000000100000001000000010000000100000001000000010000000100000001000000010000000100000001000000010
00000001000000010000000100000001000000100000001000000010000000100000001000000010000000100000001000000010000000100000001000000010
00000001000000010000000100000001000000010000001000000010000000100000001000000010000000100000001000000010000000100000001000000010
00000001000000010000000100000001000000010000000100000010000000100000001000000010000000100000001000000010000000100000001000000010
00000001000000010000000100000001000000010000000100000001000000100000001000000010000000100000001000000010000000100000001000000010
00000001000000010000000100000001000000010000000100000001000000010000001000000010000000100000001000000010000000100000001000000010
00000001000000010000000100000001000000010000000100000001000000010000000100000010000000100000001000000010000000100000001000000010
00000001000000010000000100000001000000010000000100000001000000010000000100000001000000100000001000000010000000100000001000000010
00000001000000010000000100000001000000010000000100000001000000010000000100000001000000010000001000000010000000100000001000000010
00000001000000010000000100000001000000010000000100000001000000010000000100000001000000010000000100000010000000100000001000000010
00000001000000010000000100000001000000010000000100000001000000010000000100000001000000010000000100000001000000100000001000000010
00000001000000010000000100000001000000010000000100000001000000010000000100000001000000010000000100000001000000010000001000000010
00000001000000010000000100000001000000010000000100000001000000010000000100000001000000010000000100000001000000010000000100000010
00000001000000010000000100000001000000010000000100000001000000010000000100000001000000010000000100000001000000010000000100000001
00000000000000010000000100000001000000010000000100000001000000010000000100000001000000010000000100000001000000010000000100000001
00000000000000000000000100000001000000010000000100000001000000010000000100000001000000010000000100000001000000010000000100000001
00000000000000000000000000000001000000010000000100000001000000010000000100000001000000010000000100000001000000010000000100000001
00000000000000000000000000000000000000010000000100000001000000010000000100000001000000010000000100000001000000010000000100000001
00000000000000000000000000000000000000000000000100000001000000010000000100000001000000010000000100000001000000010000000100000001
00000000000000000000000000000000000000000000000000000001000000010000000100000001000000010000000100000001000000010000000100000001
00000000000000000000000000000000000000000000000000000000000000010000000100000001000000010000000100000001000000010000000100000001
00000000000000000000000000000000000000000000000000000000000000001000000010000000100000001000000010000000100000001000000010000000
01000000000000000000000000000000000000000000000000000000000000000000000010000000100000001000000010000000100000001000000010000000
01000000010000000000000000000000000000000000000000000000000000000000000000000000100000001000000010000000100000001000000010000000
01000000010000000100000000000000000000000000000000000000000000000000000000000000000000001000000010000000100000001000000010000000
01000000010000000100000001000000000000000000000000000000000000000000000000000000000000000000000010000000100000001000000010000000
01000000010000000100000001000000010000000000000000000000000000000000000000000000000000000000000000000000100000001000000010000000
01000000010000000100000001000000010000000100000000000000000000000000000000000000000000000000000000000000000000001000000010000000
01000000010000000100000001000000010000000100000001000000000000000000000000000000000000000000000000000000000000000000000010000000
01000000010000000100000001000000010000000100000001000000010000000000000000000000000000000000000000000000000000000000000000000000
10000000010000000100000001000000010000000100000001000000010000000100000000000000000000000000000000000000000000000000000000000000
10000000100000000100000001000000010000000100000001000000010000000100000001000000000000000000000000000000000000000000000000000000
10000000100000001000000001000000010000000100000001000000010000000100000001000000010000000000000000000000000000000000000000000000
10000000100000001000000010000000010000000100000001000000010000000100000001000000010000000100000000000000000000000000000000000000
10000000100000001000000010000000100000000100000001000000010000000100000001000000010000000100000001000000000000000000000000000000
10000000100000001000000010000000100000001000000001000000010000000100000001000000010000000100000001000000010000000000000000000000
10000000100000001000000010000000100000001000000010000000010000000100000001000000010000000100000001000000010000000100000000000000
10000000100000001000000010000000100000001000000010000000100000000100000001000000010000000100000001000000010000000100000001000000
00100000100000001000000010000000100000001000000010000000100000001000000001000000010000000100000001000000010000000100000001000000
00100000001000001000000010000000100000001000000010000000100000001000000010000000010000000100000001000000010000000100000001000000
00100000001000000010000010000000100000001000000010000000100000001000000010000000100000000100000001000000010000000100000001000000
00100000001000000010000000100000100000001000000010000000100000001000000010000000100000001000000001000000010000000100000001000000
00100000001000000010000000100000001000001000000010000000100000001000000010000000100000001000000010000000010000000100000001000000
00100000001000000010000000100000001000000010000010000000100000001000000010000000100000001000000010000000100000000100000001000000
00100000001000000010000000100000001000000010000000100000100000001000000010000000100000001000000010000000100000001000000001000000
00100000001000000010000000100000001000000010000000100000001000001000000010000000100000001000000010000000100000001000000010000000
01000000001000000010000000100000001000000010000000100000001000000010000010000000100000001000000010000000100000001000000010000000
01000000010000000010000000100000001000000010000000100000001000000010000000100000100000001000000010000000100000001000000010000000
01000000010000000100000000100000001000000010000000100000001000000010000000100000001000001000000010000000100000001000000010000000
01000000010000000100000001000000001000000010000000100000001000000010000000100000001000000010000010000000100000001000000010000000
01000000010000000100000001000000010000000010000000100000001000000010000000100000001000000010000000100000100000001000000010000000
01000000010000000100000001000000010000000100000000100000001000000010000000100000001000000010000000100000001000001000000010000000
01000000010000000100000001000000010000000100000001000000001000000010000000100000001000000010000000100000001000000010000010000000
01000000010000000100000001000000010000000100000001000000010000000010000000100000001000000010000000100000001000000010000000100000
00010000010000000100000001000000010000000100000001000000010000000100000000100000001000000010000000100000001000000010000000100000
00010000000100000100000001000000010000000100000001000000010000000100000001000000001000000010000000100000001000000010000000100000
00010000000100000001000001000000010000000100000001000000010000000100000001000000010000000010000000100000001000000010000000100000
00010000000100000001000000010000010000000100000001000000010000000100000001000000010000000100000000100000001000000010000000100000
00010000000100000001000000010000000100000100000001000000010000000100000001000000010000000100000001000000001000000010000000100000
00010000000100000001000000010000000100000001000001000000010000000100000001000000010000000100000001000000010000000010000000100000
00010000000100000001000000010000000100000001000000010000010000000100000001000000010000000100000001000000010000000100000000100000
00010000000100000001000000010000000100000001000000010000000100000100000001000000010000000100000001000000010000000100000001000000
00100000000100000001000000010000000100000001000000010000000100000001000001000000010000000100000001000000010000000100000001000000
00100000001000000001000000010000000100000001000000010000000100000001000000010000010000000100000001000000010000000100000001000000
00100000001000000010000000010000000100000001000000010000000100000001000000010000000100000100000001000000010000000100000001000000
00100000001000000010000000100000000100000001000000010000000100000001000000010000000100000001000001000000010000000100000001000000
00100000001000000010000000100000001000000001000000010000000100000001000000010000000100000001000000010000010000000100000001000000
00100000001000000010000000100000001000000010000000010000000100000001000000010000000100000001000000010000000100000100000001000000
00100000001000000010000000100000001000000010000000100000000100000001000000010000000100000001000000010000000100000001000001000000
00100000001000000010000000100000001000000010000000100000001000000001000000010000000100000001000000010000000100000001000000010000
00001000001000000010000000100000001000000010000000100000001000000010000000010000000100000001000000010000000100000001000000010000
00001000000010000010000000100000001000000010000000100000001000000010000000100000000100000001000000010000000100000001000000010000
00001000000010000000100000100000001000000010000000100000001000000010000000100000001000000001000000010000000100000001000000010000
00001000000010000000100000001000001000000010000000100000001000000010000000100000001000000010000000010000000100000001000000010000
00001000000010000000100000001000000010000010000000100000001000000010000000100000001000000010000000100000000100000001000000010000
00001000000010000000100000001000000010000000100000100000001000000010000000100000001000000010000000100000001000000001000000010000
00001000000010000000100000001000000010000000100000001000001000000010000000100000001000000010000000100000001000000010000000010000
00001000000010000000100000001000000010000000100000001000000010000010000000100000001000000010000000100000001000000010000000100000
00010000000010000000100000001000000010000000100000001000000010000000100000100000001000000010000000100000001000000010000000100000
00010000000100000000100000001000000010000000100000001000000010000000100000001000001000000010000000100000001000000010000000100000
00010000000100000001000000001000000010000000100000001000000010000000100000001000000010000010000000100000001000000010000000100000
00010000000100000001000000010000000010000000100000001000000010000000100000001000000010000000100000100000001000000010000000100000
00010000000100000001000000010000000100000000100000001000000010000000100000001000000010000000100000001000001000000010000000100000
00010000000100000001000000010000000100000001000000001000000010000000100000001000000010000000100000001000000010000010000000100000
00010000000100000001000000010000000100000001000000010000000010000000100000001000000010000000100000001000000010000000100000100000
00010000000100000001000000010000000100000001000000010000000100000000100000001000000010000000100000001000000010000000100000001000
00000100000100000001000000010000000100000001000000010000000100000001000000001000000010000000100000001000000010000000100000001000
00000100000001000001000000010000000100000001000000010000000100000001000000010000000010000000100000001000000010000000100000001000
00000100000001000000010000010000000100000001000000010000000100000001000000010000000100000000100000001000000010000000100000001000
00000100000001000000010000000100000100000001000000010000000100000001000000010000000100000001000000001000000010000000100000001000
00000100000001000000010000000100000001000001000000010000000100000001000000010000000100000001000000010000000010000000100000001000
00000100000001000000010000000100000001000000010000010000000100000001000000010000000100000001000000010000000100000000100000001000
00000100000001000000010000000100000001000000010000000100000100000001000000010000000100000001000000010000000100000001000000001000
00000100000001000000010000000100000001000000010000000100000001000001000000010000000100000001000000010000000100000001000000010000
00001000000001000000010000000100000001000000010000000100000001000000010000010000000100000001000000010000000100000001000000010000
00001000000010000000010000000100000001000000010000000100000001000000010000000100000100000001000000010000000100000001000000010000
00001000000010000000100000000100000001000000010000000100000001000000010000000100000001000001000000010000000100000001000000010000
00001000000010000000100000001000000001000000010000000100000001000000010000000100000001000000010000010000000100000001000000010000
00001000000010000000100000001000000010000000010000000100000001000000010000000100000001000000010000000100000100000001000000010000
00001000000010000000100000001000000010000000100000000100000001000000010000000100000001000000010000000100000001000001000000010000
00001000000010000000100000001000000010000000100000001000000001000000010000000100000001000000010000000100000001000000010000010000
00001000000010000000100000001000000010000000100000001000000010000000010000000100000001000000010000000100000001000000010000000100
00000010000010000000100000001000000010000000100000001000000010000000100000000100000001000000010000000100000001000000010000000100
00000010000000100000100000001000000010000000100000001000000010000000100000001000000001000000010000000100000001000000010000000100
00000010000000100000001000001000000010000000100000001000000010000000100000001000000010000000010000000100000001000000010000000100
00000010000000100000001000000010000010000000100000001000000010000000100000001000000010000000100000000100000001000000010000000100
00000010000000100000001000000010000000100000100000001000000010000000100000001000000010000000100000001000000001000000010000000100
00000010000000100000001000000010000000100000001000001000000010000000100000001000000010000000100000001000000010000000010000000100
00000010000000100000001000000010000000100000001000000010000010000000100000001000000010000000100000001000000010000000100000000100
00000010000000100000001000000010000000100000001000000010000000100000100000001000000010000000100000001000000010000000100000001000
00000100000000100000001000000010000000100000001000000010000000100000001000001000000010000000100000001000000010000000100000001000
00000100000001000000001000000010000000100000001000000010000000100000001000000010000010000000100000001000000010000000100000001000
00000100000001000000010000000010000000100000001000000010000000100000001000000010000000100000100000001000000010000000100000001000
00000100000001000000010000000100000000100000001000000010000000100000001000000010000000100000001000001000000010000000100000001000
00000100000001000000010000000100000001000000001000000010000000100000001000000010000000100000001000000010000010000000100000001000
00000100000001000000010000000100000001000000010000000010000000100000001000000010000000100000001000000010000000100000100000001000
00000100000001000000010000000100000001000000010000000100000000100000001000000010000000100000001000000010000000100000001000001000
00000100000001000000010000000100000001000000010000000100000001000000001000000010000000100000001000000010000000100000001000000010
00000001000001000000010000000100000001000000010000000100000001000000010000000010000000100000001000000010000000100000001000000010
00000001000000010000010000000100000001000000010000000100000001000000010000000100000000100000001000000010000000100000001000000010
00000001000000010000000100000100000001000000010000000100000001000000010000000100000001000000001000000010000000100000001000000010
00000001000000010000000100000001000001000000010000000100000001000000010000000100000001000000010000000010000000100000001000000010
00000001000000010000000100000001000000010000010000000100000001000000010000000100000001000000010000000100000000100000001000000010
00000001000000010000000100000001000000010000000100000100000001000000010000000100000001000000010000000100000001000000001000000010
00000001000000010000000100000001000000010000000100000001000001000000010000000100000001000000010000000100000001000000010000000010
00000001000000010000000100000001000000010000000100000001000000010000010000000100000001000000010000000100000001000000010000000100
00000010000000010000000100000001000000010000000100000001000000010000000100000100000001000000010000000100000001000000010000000100
00000010000000100000000100000001000000010000000100000001000000010000000100000001000001000000010000000100000001000000010000000100
00000010000000100000001000000001000000010000000100000001000000010000000100000001000000010000010000000100000001000000010000000100
00000010000000100000001000000010000000010000000100000001000000010000000100000001000000010000000100000100000001000000010000000100
00000010000000100000001000000010000000100000000100000001000000010000000100000001000000010000000100000001000001000000010000000100
00000010000000100000001000000010000000100000001000000001000000010000000100000001000000010000000100000001000000010000010000000100
00000010000000100000001000000010000000100000001000000010000000010000000100000001000000010000000100000001000000010000000100000100
00000010000000100000001000000010000000100000001000000010000000100000000100000001000000010000000100000001000000010000000100000001
00000000000000100000001000000010000000100000001000000010000000100000001000000001000000010000000100000001000000010000000100000001
00000000000000000000001000000010000000100000001000000010000000100000001000000010000000010000000100000001000000010000000100000001
00000000000000000000000000000010000000100000001000000010000000100000001000000010000000100000000100000001000000010000000100000001
00000000000000000000000000000000000000100000001000000010000000100000001000000010000000100000001000000001000000010000000100000001
00000000000000000000000000000000000000000000001000000010000000100000001000000010000000100000001000000010000000010000000100000001
00000000000000000000000000000000000000000000000000000010000000100000001000000010000000100000001000000010000000100000000100000001
00000000000000000000000000000000000000000000000000000000000000100000001000000010000000100000001000000010000000100000001000000001
00000000000000000000000000000000000000000000000000000000000000000000001000000010000000100000001000000010000000100000001000000010
00000001000000000000000000000000000000000000000000000000000000000000000000000010000000100000001000000010000000100000001000000010
00000001000000010000000000000000000000000000000000000000000000000000000000000000000000100000001000000010000000100000001000000010
00000001000000010000000100000000000000000000000000000000000000000000000000000000000000000000001000000010000000100000001000000010
00000001000000010000000100000001000000000000000000000000000000000000000000000000000000000000000000000010000000100000001000000010
00000001000000010000000100000001000000010000000000000000000000000000000000000000000000000000000000000000000000100000001000000010
00000001000000010000000100000001000000010000000100000000000000000000000000000000000000000000000000000000000000000000001000000010
00000001000000010000000100000001000000010000000100000001000000000000000000000000000000000000000000000000000000000000000000000010
